Geneid	baseMean	log2FoldChange	lfcSE	stat	pvalue	padj	Direction
LOC140034354	135.638703628177	3.57573628304907	0.411266016073989	8.69446086789183	3.48480475476053e-18	1.41848977542527e-13	Up
LOC140009071	149.225122968396	3.44557371169496	0.408389046112105	8.43698856396146	3.25618308932875e-17	6.62714663255634e-13	Up
LOC140034035	138.323444107475	3.50552322733405	0.430918702210679	8.13499903659361	4.11941625047492e-16	5.58936128251938e-12	Up
LOC140008277	305.558950682004	3.47461590386705	0.433945667078792	8.00702983683938	1.17511987924223e-15	9.56665093691097e-12	Up
LOC140011828	164.427097825559	3.58753881322506	0.44700988906397	8.02563634718975	1.01001005870618e-15	9.56665093691097e-12	Up
LOC140028221	74.2834315479754	3.90309174073889	0.497971630378997	7.8379801230209	4.57851468351232e-15	3.10614066987282e-11	Up
LOC140011916	61.4003716942429	4.15961962309854	0.545150189178797	7.63022687264312	2.34340943009249e-14	1.36269258359878e-10	Up
LOC140034296	117.520609386499	3.15983299179913	0.422909950964877	7.47164493195281	7.91984734408521e-14	4.02971732676236e-10	Up
LOC140034015	159.240973120595	3.21641855279708	0.433435631617657	7.42075251356897	1.16456748323405e-13	5.26707993389354e-10	Up
LOC140028282	46.8187646562867	3.56940028985165	0.484981417875506	7.35987021005392	1.84089128401508e-13	6.81213451962125e-10	Up
LOC140034280	41.7550400848163	4.45342008153203	0.604785820253787	7.36363177242355	1.78972955439672e-13	6.81213451962125e-10	Up
LOC140027138	40.6951606006351	4.2500417725167	0.579445653418738	7.33466848433739	2.22270986110493e-13	7.53961707468969e-10	Up
LOC140009083	88.6682674726651	3.93371762385379	0.538208885963692	7.30890501149987	2.69328068209855e-13	8.35583077174406e-10	Up
LOC140027572	127.454928031462	4.01572106596874	0.55008541865747	7.30017726295935	2.87388848555256e-13	8.35583077174406e-10	Up
LOC113690161	386.353114544622	2.34301378364968	0.321673439836885	7.2838273027384	3.24480341103009e-13	8.80531485639866e-10	Up
LOC140011845	37.1851523027719	3.70111998021721	0.510345933940443	7.25217883414964	4.10119874679846e-13	1.0433705936777e-09	Up
LOC140012054	108.448798985058	3.3889771714664	0.469317394722386	7.22107727004465	5.15773338132668e-13	1.23497374874648e-09	Up
LOC140027835	182.323571171197	3.22979093221909	0.450745224681617	7.1654468097814	7.7533256630991e-13	1.75332845064694e-09	Up
LOC113702795	351.410647413908	1.45241427022877	0.204179604756509	7.11341503457615	1.13206189208759e-12	2.42529364828555e-09	Up
LOC113690378	123.462615292772	1.93466464027072	0.272765979629442	7.09276370498622	1.3145981426949e-12	2.500915581276e-09	Up
LOC113696040	408.90397268207	2.99794009051426	0.422452867002343	7.09650785846752	1.27948674867946e-12	2.500915581276e-09	Up
LOC140011970	86.7145536729157	3.74156046162472	0.527804429573438	7.08891447661511	1.35168020606982e-12	2.500915581276e-09	Up
LOC140011883	94.8976913318933	3.39404372751864	0.482011473510776	7.04141688329078	1.9029471813781e-12	3.36780282686936e-09	Up
LOC140027044	41.2079903360557	3.87390972434869	0.553757748837541	6.99567587538211	2.63983194026745e-12	4.47726496369111e-09	Up
LOC140027444	75.771515262563	2.93755989927834	0.422688436039609	6.94970490984302	3.66051078809e-12	5.96004366516813e-09	Up
LOC140011912	148.243670316098	3.35356655422931	0.48473396244035	6.91836515301317	4.56885395109297e-12	7.15289231073998e-09	Up
LOC140009120	104.592106579697	4.09180909693206	0.592479720965627	6.90624328924407	4.97656229548622e-12	7.50262845325062e-09	Up
LOC140011778	102.439519310073	3.86808042829767	0.567330515238353	6.81803697210358	9.22928940110995e-12	1.34170794668636e-08	Up
LOC140028046	39.9652667209255	5.00059870703227	0.743233412752458	6.72816725033024	1.71813371297194e-11	2.41160802712148e-08	Up
LOC140033397	46.7149582536751	3.56998866322081	0.532177496378717	6.70826686117572	1.96949515156874e-11	2.67227667148686e-08	Up
LOC140033472	61.388034449496	3.8688084301077	0.57875140031313	6.68475001186088	2.31319174496303e-11	3.01243131608605e-08	Up
LOC140034497	137.962862369819	3.4213824411619	0.512082807809585	6.6813069858696	2.3682054321276e-11	3.01243131608605e-08	Up
LOC140011962	89.2651577501694	3.52793657243081	0.532225008993458	6.62865613756639	3.38756679323092e-11	4.17851231268075e-08	Up
LOC140026719	33.1946984676789	4.17430527826886	0.630817713953979	6.61729242209168	3.65837383952819e-11	4.37982668052926e-08	Up
LOC140027480	102.556638780047	3.74564560967961	0.570309848086821	6.56773790991838	5.10853526605595e-11	5.94122651442308e-08	Up
LOC140028108	77.0418906362782	3.5175057534154	0.536402317114736	6.55758866280776	5.4684798337711e-11	6.18317976760146e-08	Up
LOC140028026	37.1967838444575	3.64475375257019	0.558542250133466	6.52547547065466	6.77861514955473e-11	7.45739269358447e-08	Up
LOC140011949	80.6388907838762	3.43435942529844	0.529077864489952	6.49121737234134	8.51455215897518e-11	9.12065383239697e-08	Up
LOC140034464	48.7006010921048	4.52886449024781	0.701310360911429	6.45771792728409	1.06293623487419e-10	1.10940562668087e-07	Up
LOC140028048	90.7337851840827	3.92368724724293	0.608684207531257	6.44617882096347	1.14705316624904e-10	1.16726997830418e-07	Up
LOC140034544	81.7215892935512	3.50546300885833	0.546797433757014	6.41089879440819	1.44664210601337e-10	1.43623333964084e-07	Up
LOC140027115	47.871637389228	3.72863351882653	0.584997518047886	6.37375955246585	1.84449698637696e-10	1.78762499596367e-07	Up
LOC140009054	51.0237811796151	3.64830068395376	0.576404617200498	6.32940919466077	2.46101670698686e-10	2.32966709436977e-07	Up
LOC140034483	91.7598633331408	3.2555799258196	0.514929973321922	6.32237409839861	2.57574869255225e-10	2.3828602393259e-07	Up
LOC140011808	150.803174693836	3.20821850909511	0.511088132601266	6.27723146840909	3.44654800998021e-10	3.11759414991654e-07	Up
LOC140034351	26.999070871363	4.09524874730895	0.65349159756106	6.26671982102464	3.68732731035548e-10	3.26288387321782e-07	Up
LOC140026891	36.9448526400993	3.46529618540558	0.5533439535237	6.26246327142194	3.7894314948373e-10	3.28188955313515e-07	Up
LOC140009098	108.077488552174	3.35817792728722	0.536994453457001	6.25365477365422	4.00956814665261e-10	3.40019732103113e-07	Up
LOC140015280	1422.3962251964	1.05231132151284	0.169361513782815	6.21340290369807	5.18492761275833e-10	4.30719343831281e-07	Up
LOC140027423	81.2034408238655	3.41438951297142	0.551129310449514	6.19526025604874	5.81888006142927e-10	4.73715025800957e-07	Up
LOC140034375	104.589169731265	3.41295495061126	0.552940975061456	6.1723675845002	6.72748659299818e-10	5.36945768172531e-07	Up
LOC140011967	67.3755750931377	3.40827954989278	0.558740461194941	6.09993330821921	1.06112729383825e-09	8.1496578293747e-07	Up
LOC140027421	27.8802270503499	3.25032785163496	0.532609797018073	6.10264375502028	1.04328202909292e-09	8.1496578293747e-07	Up
LOC140033535	29.7351930664122	3.66635078448022	0.601695030514166	6.09337055908076	1.10557736587235e-09	8.33380123663589e-07	Up
LOC140033823	34.2991352515376	3.24646826821979	0.534934122778963	6.0689122827957	1.28779454763065e-09	9.53085037478284e-07	Up
LOC140026720	28.9310963827263	4.03743476315164	0.672421696588064	6.00431958641131	1.92135922265489e-09	1.39658798496727e-06	Up
LOC140034128	68.5482359980371	2.95712055403026	0.492925725818273	5.9991199467655	1.98389777355739e-09	1.41674664688866e-06	Up
LOC140012374	45.6105835247409	3.53925410766258	0.595435983854641	5.94397081068347	2.78199160847592e-09	1.95243049005194e-06	Up
LOC140026933	47.6233780761717	3.20387311757509	0.540644607734184	5.92602436377267	3.10356560825998e-09	2.14119725566478e-06	Up
LOC113730979	661.864151588758	2.12184617792835	0.359405706471164	5.90376318384524	3.55302085890652e-09	2.4104285676965e-06	Up
LOC140028303	87.0486733269173	3.25570034610335	0.553360743321779	5.88350436021112	4.01669508891767e-09	2.68032087859662e-06	Up
LOC140034371	50.4816415600209	3.66810965395586	0.624536669514971	5.87332951450968	4.27128268077854e-09	2.8042348632434e-06	Up
LOC140009046	27.0570308738058	4.00865881065212	0.685737461033144	5.8457631942881	5.04250962176169e-09	3.25802149450492e-06	Up
LOC140033318	40.5534234250542	3.62909693464288	0.62246213617091	5.83022921999296	5.53512895685272e-09	3.52042850294828e-06	Up
LOC140012055	41.7889799272519	3.92198636790235	0.673702469673905	5.82154073117874	5.83075912608857e-09	3.65140077272977e-06	Up
LOC140034172	61.5480758340706	4.26156269546396	0.732732278035906	5.81598876316341	6.02765155939967e-09	3.71750843523278e-06	Up
LOC140028227	48.2579952231885	3.71121365386344	0.640504160846631	5.79420693997972	6.86447750090847e-09	4.17042621902208e-06	Up
LOC140028317	126.520245694316	3.28866099472733	0.569040426089628	5.77930994696912	7.50076314954367e-09	4.48997888238493e-06	Up
LOC140012086	42.9087433738263	2.8738554876135	0.498656330511817	5.76319864357041	8.25345574772484e-09	4.81386139395774e-06	Up
LOC140033348	45.4521166060166	3.17456138986283	0.550881811862394	5.76269051092906	8.27835149433833e-09	4.81386139395774e-06	Up
LOC140027689	84.3756976901015	3.45715300847337	0.600492309808229	5.75719780587604	8.55216779244433e-09	4.90304211255558e-06	Up
LOC113713490	1609.52561471741	2.20119864799726	0.382558582068627	5.75388646647166	8.72147405556846e-09	4.93066113099881e-06	Up
LOC140026850	30.7220808045429	4.15874492463044	0.725014133423412	5.73608807457787	9.68882913419258e-09	5.40251766996314e-06	Up
LOC140026335	28.548028019171	4.09285914503771	0.71442813817598	5.72886050581275	1.01107491655286e-08	5.5615951997681e-06	Up
LOC140028301	116.530830608188	3.36062085796247	0.593473103927339	5.66263380045935	1.49067059206968e-08	8.0903661933595e-06	Up
LOC140034101	110.410130094943	3.10205655480791	0.55398883442581	5.59949291762005	2.14979715827707e-08	1.15141438589037e-05	Up
LOC140026647	27.9015682574923	3.70228993838868	0.661814201465477	5.5941530571429	2.21701314842125e-08	1.17199376891542e-05	Up
LOC140027949	58.7399342535157	4.01590212181789	0.718909954082502	5.58609892520284	2.32226984500364e-08	1.21189735949837e-05	Up
LOC113687832	270.39134253982	3.15683897252894	0.56923925880788	5.54571548550622	2.92754538911507e-08	1.50842702612568e-05	Up
LOC140028133	42.351049931032	3.35314054729239	0.606746388605736	5.52642852147449	3.2681531945784e-08	1.66287719731642e-05	Up
LOC140034095	36.3596762722432	3.65324919706692	0.666076731860533	5.48472724285445	4.14107853799894e-08	2.08101977641045e-05	Up
LOC140027773	32.3006411546309	4.17170740150744	0.760912843525014	5.48250359683974	4.19348471896497e-08	2.08165604250572e-05	Up
LOC140026956	50.8141713708009	3.31365167078981	0.605430260332368	5.47321778890055	4.41936427628578e-08	2.16735208272545e-05	Up
LOC113705444	317.170268204944	1.1806673659226	0.215839863071729	5.47010801952851	4.49761375362178e-08	2.17946866477589e-05	Up
LOC113730387	259.697237746433	2.00964111839524	0.367995878535176	5.46104246165667	4.73346806430203e-08	2.26677432420487e-05	Up
LOC140034178	46.4599391166178	3.98749110247831	0.733772030895706	5.43423697631379	5.50314052906616e-08	2.6047132004144e-05	Up
LOC140033797	24.4261442164675	3.15458326657567	0.581894174073645	5.42123191316987	5.91897118427451e-08	2.76933013857349e-05	Up
LOC140026921	56.362194079828	2.93354802426402	0.546998368750587	5.36299227174044	8.1854509645336e-08	3.78623615353796e-05	Up
LOC113734082	350.107255598748	1.26187446150123	0.23740205573956	5.31534766019701	1.06453879296709e-07	4.86876983907028e-05	Up
LOC140011578	29.7685715536416	3.17957873788887	0.599029850884086	5.30788028876399	1.10907440198213e-07	5.01609705918696e-05	Up
LOC113687536	1222.90499377157	1.23017742608167	0.232363537595429	5.29419305116427	1.19543096289203e-07	5.34725465324398e-05	Up
LOC140026918	17.7337909713186	3.57703916816779	0.677063797040021	5.28316413284219	1.26971537408747e-07	5.61780046763372e-05	Up
LOC140026606	16.6985052840247	4.51273362733261	0.858190447051814	5.25842910840529	1.45291174311071e-07	6.35922284981953e-05	Up
LOC140011858	129.125197083394	3.01203009743705	0.57621688501941	5.22725066853184	1.7204917564138e-07	7.45027839838553e-05	Up
LOC113707138	926.28926679787	0.76406070833053	0.147752864692751	5.17120740717533	2.32586235403852e-07	9.9657081180145e-05	Up
LOC113710926	92.5076001052186	1.65516349777251	0.320786386849215	5.15970616468372	2.47337722795004e-07	0.000104873770899694	Up
LOC140027605	93.5316787019541	3.4120181536749	0.664376305388	5.13567104365989	2.81139048608105e-07	0.000117976958490649	Up
LOC113691272	168.577481234371	1.32027193968924	0.257968833423338	5.11795135159842	3.08872241784873e-07	0.000128292291855645	Up
LOC113717824	1365.5312781107	0.864184198210201	0.170568121485373	5.06650475296646	4.05186638588102e-07	0.000166597193168977	Up
LOC113739443	126.190382331193	1.4832437493561	0.293841063905762	5.04777558875091	4.46983735815264e-07	0.000181944729663603	Up
LOC113698428	62.4257970336927	2.21652985205248	0.440027993186758	5.03724737146832	4.72274265796459e-07	0.000190335881081632	Up
LOC140027496	140.243528399126	2.88864453478039	0.575269691880634	5.02137445367062	5.1303032296376e-07	0.000204734306825881	Up
LOC140028343	32.8084568507105	3.55397188682293	0.712466883376917	4.98826257015342	6.09247276059396e-07	0.000240770974485415	Up
LOC140026945	45.9832957232779	4.17286896353353	0.836947031576443	4.98582204858731	6.16989131691988e-07	0.000241485986591561	Up
LOC113693805	861.321721053988	0.877052987584615	0.177299840741699	4.94672180141638	7.54737199634528e-07	0.000292586454391652	Up
LOC113691110	149.377187124458	2.73638365376034	0.556738515237214	4.91502487948841	8.87711854887486e-07	0.000340889726916935	Up
LOC140034548	39.3464962529213	4.60617664777633	0.939695207967776	4.90177730898281	9.49734625532625e-07	0.000361298578806593	Up
LOC140011922	87.4573787527563	3.88622976136442	0.794843503397287	4.88930178677193	1.01194258167692e-06	0.000381399285066286	Up
LOC140028206	32.4364985654147	2.89988663488107	0.59614241536259	4.86441923968332	1.14793366065668e-06	0.000428684767495689	Up
LOC140034169	24.4253264012533	3.3467597184097	0.68830202901272	4.86234178796507	1.16005091329381e-06	0.000429271567505676	Up
LOC113707269	282.530686026381	1.64096547507479	0.337615797973216	4.8604522801536	1.17117873451473e-06	0.000429484958454253	Up
LOC113726026	2569.33425437234	1.98164742430924	0.408309417043144	4.85329836049274	1.21424796564002e-06	0.000441303245012296	Up
LOC140012083	24.8202325654074	4.00457096009582	0.827159780511955	4.84135115662571	1.28959251633083e-06	0.000464538613957934	Up
LOC113731681	179.665592338452	2.9934907559066	0.621391610989863	4.81739808353389	1.45442336792198e-06	0.000519318449046177	Up
LOC140033937	20.221094153053	5.15564856894623	1.07744541189263	4.78506707814538	1.7093023760307e-06	0.000605018723620257	Up
LOC113732603	1600.72533537722	1.76852175336301	0.370474716800466	4.7736638241781	1.80904261918729e-06	0.000634802412189814	Up
LOC140012391	41.1719294810736	2.70934446542856	0.568269813683053	4.76770787430859	1.86333697780169e-06	0.000643882835284817	Up
LOC140012002	25.9424642222261	3.07322789720669	0.644639362304809	4.76735997972391	1.86655630914159e-06	0.000643882835284817	Up
LOC140026410	16.002660499377	4.00607487336334	0.841475233795127	4.76077573346466	1.92850255398187e-06	0.000659661314788504	Up
LOC113725207	1726.73484640765	0.731283203960388	0.154475951409838	4.73396148258852	2.20179527937244e-06	0.000746867307057127	Up
LOC140033563	32.5626637960346	3.22277853048515	0.68120107876659	4.73102382092589	2.23390303025714e-06	0.000751496056583611	Up
LOC113729908	2088.21133627967	0.906080872507866	0.191867254252093	4.72243622831738	2.33036172299769e-06	0.000776223709285297	Up
LOC113690488	885.648562894415	-0.91545115867888	0.193905692576761	-4.72111543768361	2.34554762908959e-06	0.000776223709285297	Down
LOC140006085	149.29873069246	2.05925381350227	0.436621937038121	4.71633154181733	2.40135015006397e-06	0.00078828191821253	Up
LOC140028188	56.0970884702461	3.07468708115214	0.654771755075556	4.69581507955752	2.65545695180437e-06	0.000858033653163274	Up
LOC140027751	24.6910459579492	2.70928997656848	0.576963483877827	4.6957737400625	2.65599411125347e-06	0.000858033653163274	Up
LOC140028165	37.0613822455416	3.19865453737655	0.684255362899156	4.67465029988806	2.94454924725563e-06	0.000943762811886144	Up
LOC140027987	19.4398767036287	3.2596992536988	0.698129810301078	4.66918788683871	3.0239272854664e-06	0.000961632501210232	Up
LOC113693922	2389.75723302726	1.160474829879	0.249618858789105	4.64898700165699	3.33569230979676e-06	0.00105255314318044	Up
LOC140009132	63.9496809252585	3.8541040347164	0.83106454399014	4.63755079263991	3.52561987587702e-06	0.00110392582344288	Up
LOC140033422	13.9235507781531	3.37100952693847	0.728330138442049	4.62840866938351	3.68486306714412e-06	0.0011449797797565	Up
LOC140027022	11.6172126462013	4.58554257197491	0.993379110044562	4.61610529717018	3.91008611336079e-06	0.00120575799427539	Up
LOC140034529	35.2306229484798	4.17233387578028	0.904494134088191	4.61289213333192	3.97104409552775e-06	0.00121534849555231	Up
LOC140027781	24.3985696777998	2.91681663768052	0.635397985141476	4.59053491809716	4.42111483506627e-06	0.00134299611463711	Up
LOC113710357	3409.38338928707	-0.669168604729028	0.146259397606023	-4.57521783681592	4.75724733148895e-06	0.00143439816761672	Down
LOC113687491	51.248003909134	2.62947458007988	0.575895537644972	4.56588809635976	4.97384061549062e-06	0.00148867781068784	Up
LOC140011612	17.9423458975886	3.92063020905809	0.859308014658692	4.5625435142896	5.05376150259722e-06	0.00150155738659284	Up
LOC140026969	12.5303299071978	3.73682319237185	0.82252217057641	4.54312762141493	5.54256724566982e-06	0.00163485651981877	Up
LOC113734656	673.990249656397	0.987969866466273	0.217714112445678	4.5379229456831	5.68110097396214e-06	0.00166366341831028	Up
LOC140034521	57.731783637051	2.96229871321495	0.658548759170013	4.49822229860157	6.8524027693033e-06	0.00199233610517493	Up
LOC113736369	3989.39376034806	0.675294948160464	0.150300675474387	4.49296016820326	7.02399262402747e-06	0.00201346211099323	Up
LOC140034468	30.5968948025065	4.08408491458644	0.908939209657311	4.49324319073684	7.01466006592338e-06	0.00201346211099323	Up
LOC113696079	818.591150241549	0.635553611799046	0.141630938713091	4.4873924975285	7.21001723461454e-06	0.00203808160788184	Up
LOC113694200	1063.39490713349	-0.941035622941656	0.209648359651774	-4.48863813914268	7.16799367332818e-06	0.00203808160788184	Down
LOC113711378	552.876872453042	1.29056100269107	0.287903617986494	4.48261474349242	7.37339730673395e-06	0.0020698906025559	Up
LOC113690315	587.517234291804	-0.985307030864858	0.220836617860125	-4.46170132658406	8.13115039718302e-06	0.00226697586929681	Down
LOC113730383	290.306350452334	1.03191710964299	0.231383327819894	4.45977296361743	8.20465188392119e-06	0.00227110734499195	Up
LOC113707267	886.285432474966	1.15399214905788	0.258937193274132	4.4566488671103	8.32507960189584e-06	0.00227110734499195	Up
LOC140028231	30.0733249239341	3.64516348615507	0.818064909230715	4.45583650517766	8.35667024513389e-06	0.00227110734499195	Up
LOC140027782	36.1718199705036	4.21804445856743	0.946701571096026	4.45551648729607	8.36914633948638e-06	0.00227110734499195	Up
LOC140034429	14.3743351017951	4.08934134029706	0.918241732916338	4.45344748959439	8.45023814882036e-06	0.00227792678044856	Up
LOC113725392	502.862861331115	0.858990942288762	0.194293576522901	4.42109799851008	9.82006214774129e-06	0.0026297738797619	Up
LOC140027279	16.8283336152347	3.01208187267543	0.68159440475679	4.41917047976679	9.90804679001078e-06	0.00263599375547313	Up
LOC113715139	1258.0807014552	0.637542936410169	0.144345838366716	4.41677393421256	1.0018491250455e-05	0.00264806939188162	Up
LOC113694487	33.1615221005656	2.78090303083079	0.631208953039692	4.40567741860898	1.05453798142169e-05	0.00275160054703653	Up
LOC140011972	73.8409710535834	2.93094980647016	0.665113106796967	4.40669380368241	1.04960397474331e-05	0.00275160054703653	Up
LOC140003815	577.338713046979	-0.759951399141733	0.172686579230108	-4.40075541787811	1.07874663999097e-05	0.00279683961661353	Down
LOC113742083	74.2975049601483	2.17349529131323	0.494872195368873	4.39203356271234	1.12295358534913e-05	0.00289302694250862	Up
LOC140011639	17.5323902639877	2.95373976589653	0.673725953035175	4.38418581411293	1.16420371793736e-05	0.00298043473827926	Up
LOC140027386	11.2944584279837	3.6943316120248	0.845274673950456	4.3705693851669	1.23922967584139e-05	0.00315267774719523	Up
LOC113690379	55.6052675260781	1.80141735880313	0.412319069788296	4.36898870510176	1.2482322154826e-05	0.00315585666653535	Up
LOC113730446	139.366134609799	2.26748846040965	0.519352207314865	4.36599369074204	1.26546132232907e-05	0.00317966685959288	Up
LOC113716786	243.55266964713	1.9657623510584	0.452051398087615	4.34853726672338	1.37048532868971e-05	0.00342242977327084	Up
LOC113730417	238.334892552604	0.890128310069635	0.204965531174083	4.34281952175472	1.40665686837919e-05	0.00349133950166919	Up
LOC113688572	163.703273320557	1.68733519118657	0.389042396375756	4.33714990167	1.4434218741398e-05	0.00356087802344609	Up
LOC113707250	4554.51114144296	-1.04989317140654	0.242315024580538	-4.33276134331318	1.47250706227941e-05	0.00361074698614961	Down
LOC140006709	1613.24015522733	-0.775067442744392	0.179045930494505	-4.32887494624279	1.49873001042104e-05	0.00365304222001128	Down
LOC140027715	17.5586485846585	3.9088659700949	0.905840577448153	4.31518091307698	1.59472247950872e-05	0.00386387967430967	Up
LOC113708834	2636.47280268713	-0.773097994621184	0.179342338614857	-4.3107388951888	1.62709939773762e-05	0.00391899887484675	Down
LOC113687833	169.449940590299	2.48368398665046	0.576940175028887	4.30492465969475	1.67042574090938e-05	0.00397629706337522	Up
LOC113743330	470.861654133372	1.11849879175419	0.259762326850078	4.30585452985925	1.66342346901972e-05	0.00397629706337522	Up
LOC113742766	2046.17764653926	1.88244032980448	0.43946457625443	4.2834859315592	1.83987737266127e-05	0.00435419816594052	Up
LOC113727503	34.9530369009029	-1.71991357132622	0.401804882614277	-4.28046956556597	1.86499391679692e-05	0.00438812586030166	Down
LOC113699104	234.473366230046	1.87884554461858	0.439876429552859	4.271303071475	1.94334091106655e-05	0.00454618918304391	Up
LOC113735168	29.4758003521648	1.68828162124702	0.395668065555592	4.2669140327925	1.98195488567427e-05	0.00461002706407836	Up
LOC113733889	606.0391804227	1.35591338309269	0.318452442891842	4.25782063651247	2.06429464391505e-05	0.00477426781139558	Up
LOC140038743	182.552482378487	-3.18646412221352	0.749400363976911	-4.25201838080732	2.1185246758342e-05	0.00487200830112041	Down
LOC113741393	951.798673112447	1.71867962163218	0.405695106136203	4.23638243507717	2.27149766126738e-05	0.00519445574729711	Up
LOC140005942	157.60062970505	-1.95419114411537	0.461809042215145	-4.23160000233378	2.32034787639285e-05	0.00527652292226654	Down
LOC140026472	14.655589327247	3.14846670933336	0.745358439001995	4.22409748730964	2.39900195492183e-05	0.00542507636528294	Up
LOC113688168	64.2217488298063	1.49809752937846	0.355796036749148	4.21055148074818	2.54748062748647e-05	0.00572901651612357	Up
LOC140028132	30.3018418104447	4.17104057425545	0.991892184168563	4.20513503466282	2.60926324096772e-05	0.0058207737231693	Up
LOC140027225	13.380656146303	5.52409034404778	1.3138595262667	4.20447561829105	2.61688144291852e-05	0.0058207737231693	Up
LOC140034508	18.9330768737485	2.7852887096276	0.662764746277436	4.20252997050882	2.63948288791102e-05	0.00583913863871837	Up
LOC140027093	41.160790590765	3.03562496883184	0.723225083656888	4.19734469590383	2.70062731687918e-05	0.00594210999640902	Up
LOC113699426	1966.98700021812	-0.535162231422722	0.12772801956699	-4.1898577401965	2.79129396111231e-05	0.00610858175736972	Down
LOC140026387	14.9139154197185	3.019579305277	0.721054757749832	4.18772537428377	2.81764168819435e-05	0.00613326764267118	Up
LOC140027379	28.741537673939	3.59051411378306	0.858363030819728	4.18297851242982	2.87714594852093e-05	0.00622948009758216	Up
LOC140008298	332.353368841265	1.04796333526838	0.251011338414655	4.17496413463688	2.98033003748726e-05	0.0064187478399957	Up
LOC140034573	11.8209202138481	3.93466130304459	0.943153413158616	4.17181473146286	3.02183297397994e-05	0.00647387953715018	Up
LOC113715395	174.991305711567	-1.31175815013674	0.314792780566847	-4.16705283956847	3.08562993730913e-05	0.00657594589519204	Down
LOC140036750	208.208247899014	-1.52474050495103	0.36714141927554	-4.15300596690974	3.28136179145945e-05	0.00695665790215401	Down
LOC113690915	1311.42116534968	-0.60155017540225	0.144915531791627	-4.15104004356977	3.30967847732567e-05	0.00698033484039075	Down
LOC113712927	41.7358137694821	-2.3684413177571	0.572333163142717	-4.13822135476449	3.50008611320864e-05	0.00734386624938957	Down
LOC113710512	3792.77368398071	-1.06436233275707	0.257473423716372	-4.13387260476855	3.56701247527889e-05	0.00742986661466074	Down
LOC140034313	9.76721623551101	3.86640334492859	0.935451912305003	4.13319305254459	3.5775797972571e-05	0.00742986661466074	Up
LOC113689855	42.8976097548368	1.65748678505407	0.401746347896372	4.12570467344138	3.69601310852925e-05	0.00763686363363874	Up
LOC140006695	373.631210545392	-1.2919950575317	0.314103425034958	-4.11327911304346	3.90078277958421e-05	0.00793906815214876	Down
LOC113695779	44.5153305142985	1.36932047465169	0.332751986815744	4.11513838806899	3.869471881288e-05	0.00793906815214876	Up
LOC113697124	1925.71949443711	1.0621463385546	0.258159658926043	4.11430020853445	3.88355749774107e-05	0.00793906815214876	Up
LOC140033917	20.2678394402589	4.43712834136204	1.08144592155271	4.10295905965536	4.07899450024019e-05	0.0082604712006108	Up
LOC140011783	29.704331349161	3.52148292537877	0.861820987187202	4.08609557870264	4.38693122238355e-05	0.00879655346833116	Up
LOC113712859	918.426293631833	0.940990709441802	0.230228327243665	4.08720647327596	4.36598533694004e-05	0.00879655346833116	Up
LOC113714540	281.966679343671	0.792997000162003	0.194202268617981	4.08335600714285	4.4389938910055e-05	0.00885731599673427	Up
LOC140026586	9.3306612661904	4.4424999046082	1.09041669383525	4.0741304949972	4.61865799392159e-05	0.0091708523728087	Up
LOC113705894	91.178699133148	1.66040708983136	0.408070307942992	4.06892404939033	4.72307389154092e-05	0.00933265644442589	Up
LOC140012042	9.86932880213453	3.96658067738951	0.975771921415019	4.06506950070603	4.80181507190594e-05	0.00944240978270199	Up
LOC113710899	129.331741041027	0.824206105169185	0.20309123053136	4.05830474813099	4.94302366768513e-05	0.0096329600412183	Up
LOC140034071	13.4280632962671	3.61626727738098	0.891109661718256	4.0581618994098	4.94604753375414e-05	0.0096329600412183	Up
LOC113713519	86.1888762468027	1.78161327662236	0.439202857871516	4.05647013604714	4.98199291925593e-05	0.00965676294182441	Up
LOC113707631	577.007628893005	-0.57911572291316	0.142824708095656	-4.05473065994507	5.01921018337755e-05	0.00968279386324091	Down
LOC140006744	181.526486394559	2.28386349109016	0.56398585774955	4.04950489397618	5.13261045680727e-05	0.00985485418133679	Up
LOC113726802	4618.2386272403	0.561494687175349	0.138838272236483	4.04423562847971	5.24941049817151e-05	0.0100317959778437	Up
LOC113706849	2681.17852185004	1.52733307289545	0.379416605880694	4.02547766550764	5.6859777310842e-05	0.0107650103973852	Up
LOC113712446	25664.2419176215	-0.416030296380971	0.103333328554615	-4.02609982858613	5.67096206888267e-05	0.0107650103973852	Down
LOC113741169	1040.50500718488	-0.842128272803266	0.209358218394789	-4.02242758493128	5.76013667235923e-05	0.0108549242244622	Down
LOC113695462	2732.83914627017	-1.18318471236113	0.294837456705868	-4.01300677865188	5.99501910616314e-05	0.0112454955168834	Down
LOC113738209	243.785638628461	1.24219462591163	0.30995567815023	4.00765242735628	6.13252818234186e-05	0.0113983817197363	Up
LOC140028299	20.6911195267524	3.33635984248461	0.832475058001411	4.00775952434476	6.12974871278005e-05	0.0113983817197363	Up
LOC140027932	16.9977823337866	3.58608851568923	0.897472498006353	3.99576424197441	6.44858841504103e-05	0.011931354156102	Up
LOC113693900	2897.49678631581	0.573752981590892	0.143672640316364	3.99347419472141	6.51121679207674e-05	0.0119717191231878	Up
LOC113690594	2164.06020230887	0.653272940736628	0.163611938355202	3.99281951735314	6.52922649637068e-05	0.0119717191231878	Up
LOC140009044	11.1172713283254	3.92439172110545	0.983317383959361	3.99097156739338	6.58031697346563e-05	0.0120112915876645	Up
LOC113726079	499.392645661684	1.30230335405059	0.326571248369391	3.98780774655805	6.66866694157143e-05	0.0121182182078868	Up
LOC113688158	1679.4147802663	0.533279188872823	0.133816666145543	3.98514777145034	6.74381443834267e-05	0.0122003096316773	Up
LOC140003727	1700.31556614587	1.76501366235657	0.443318838816744	3.98136399316471	6.85209247425215e-05	0.0123413462019661	Up
LOC113688566	58.8589573733036	1.61606508333858	0.406587658113648	3.97470275127452	7.04672099163607e-05	0.0126359814081298	Up
LOC113690382	2639.15242126499	1.51358193403713	0.38123513651948	3.97020575767362	7.18105902351772e-05	0.0128203950680828	Up
LOC113707204	2787.29690673046	1.81033987730681	0.45629842414483	3.96744713878786	7.26466184359255e-05	0.0129130157355212	Up
LOC140014769	32.4252537766878	4.20965137923672	1.06252490606327	3.96193195586705	7.4345730496439e-05	0.0131006188738422	Up
LOC140034163	21.2053786038919	3.25899170142725	0.822497597559158	3.96231151446354	7.42276025083123e-05	0.0131006188738422	Up
LOC140008996	12.7586477938462	4.87368189341611	1.23102002582385	3.95905979689844	7.52453972855506e-05	0.0131453386116238	Up
LOC113701841	38.7190494974946	1.90648248837263	0.481476751733384	3.95965637283426	7.50576846127432e-05	0.0131453386116238	Up
LOC113731383	1351.30743441787	1.14380377401806	0.289184804315877	3.95526928437319	7.6448493415485e-05	0.0132984441216979	Up
LOC113697191	750.831029420702	-0.516476638274832	0.130698549444058	-3.95166312458499	7.76099417308975e-05	0.013443032673005	Down
LOC140012048	18.0119140968337	2.54285327215115	0.644589320484895	3.94491995343373	7.98266400371886e-05	0.0136610745504843	Up
LOC113707231	1222.10002887132	0.882926249884397	0.223775880460512	3.9455827324527	7.96061391445055e-05	0.0136610745504843	Up
LOC140033425	6.39572051387614	5.64538420456059	1.43110493564322	3.94477306587112	7.98755863656864e-05	0.0136610745504843	Up
LOC113732191	54.1258126528051	-3.83609277773758	0.973445255325743	-3.94073807104224	8.12312865708811e-05	0.0137199980077499	Down
LOC113702947	424.174497400662	0.942524546616536	0.239090021845295	3.94213250449407	8.07603362916648e-05	0.0137199980077499	Up
LOC113717896	130.362125135579	2.34086874262074	0.593958277206934	3.94113329580756	8.10975420232372e-05	0.0137199980077499	Up
LOC113702260	347.211188525254	1.03817188948484	0.263863436300621	3.93450454538173	8.3368491176251e-05	0.0139078460382348	Up
LOC140026352	8.7116418329008	3.5721029191974	0.907674788349602	3.93544358072614	8.30431718835859e-05	0.0139078460382348	Up
LOC140034106	33.8131420829648	2.87226097891425	0.7298879650337	3.93520802714103	8.31246641229716e-05	0.0139078460382348	Up
LOC140009100	15.0606673622171	2.78665488979715	0.709081635167255	3.92994931978438	8.49637678151705e-05	0.0141161231384348	Up
LOC113736414	284.644272926614	0.794191875852289	0.202197743377102	3.92779791993577	8.57271942378971e-05	0.0141276333662089	Up
LOC113743476	1380.22414202678	1.52336439513445	0.38775955080251	3.92863152430851	8.54306228941493e-05	0.0141276333662089	Up
LOC113690344	42.3417061137528	1.36455292963069	0.34802227482511	3.92087814010298	8.82268727366179e-05	0.0143579202893601	Up
LOC113737276	13.0860464803634	3.44637800560747	0.879015220608672	3.9207261999639	8.82825240530675e-05	0.0143579202893601	Up
LOC140010312	291.630237434214	2.07165185675098	0.528477678443108	3.92003662832847	8.85355114268368e-05	0.0143579202893601	Up
LOC140026568	11.900328842507	3.170274396044	0.808179898966202	3.92273354001914	8.75499609219003e-05	0.0143579202893601	Up
LOC113691088	72.358468200024	2.38099022906823	0.607944753079005	3.91645822586582	8.98593778921337e-05	0.0144004959728319	Up
LOC140009313	935.901522484796	0.873746182085106	0.223075467644535	3.91681878474149	8.97251430695679e-05	0.0144004959728319	Up
LOC113688033	7896.1861976257	0.388070213589401	0.0990638419867381	3.91737495544896	8.95184540296246e-05	0.0144004959728319	Up
LOC140013716	32.4359859583615	1.76013830217798	0.449994676738492	3.91146471983903	9.17380587729389e-05	0.0146439124798136	Up
LOC140028321	14.4548559684878	3.14383251294931	0.805059562622594	3.90509306256525	9.41891313897688e-05	0.0149764398172677	Up
LOC113739859	827.304679035965	-0.615717166566736	0.158474900136098	-3.88526615910758	0.00010221784022583	0.0161897944995813	Down
LOC113731163	1481.24693730108	0.534863022089038	0.138342733239795	3.8662169639365	0.000110536610483498	0.0174395067043829	Up
LOC140027435	15.2053320556421	3.66803811891229	0.949071324013015	3.86487087546014	0.000111147984140554	0.0174682575074952	Up
LOC140034482	38.8405126015531	2.83191310648051	0.733480414366289	3.86092532399413	0.000112958425798384	0.0176845104697047	Up
LOC140012082	35.1209074232929	3.67655089350944	0.956943562117139	3.84197254577423	0.000122049490605749	0.0190345766862338	Up
LOC113730173	608.184527088924	1.1115400787449	0.289409617838158	3.84071575453477	0.000122676097579588	0.0190592769159433	Up
LOC140009270	418.898945875967	1.96515710149685	0.512337695126005	3.83566760789198	0.000125223672743311	0.0193811011369447	Up
LOC113713500	125.374466482322	0.88809361904145	0.231638127116248	3.83396995174183	0.000126091551374173	0.0194415022677489	Up
LOC113689755	620.93170528802	0.939899209068619	0.245266966677329	3.83214756476008	0.000127029503161425	0.0195122110422106	Up
LOC113732976	2918.62905274554	0.604199731519214	0.157720480934861	3.83082607875607	0.000127713758693057	0.0195435659684243	Up
LOC113701357	841.078481740577	0.756768282334368	0.197637341919116	3.82907539124908	0.00012862560203989	0.0196093825132349	Up
LOC113716694	1319.17670061225	1.837540025256	0.480350578795502	3.82541440850078	0.000130552288000184	0.0198288465785355	Up
LOC113713875	87.2830394736818	2.34530206580221	0.613449392605268	3.82313862247367	0.00013176365192131	0.0199384366225165	Up
LOC113691680	140.474345323458	-1.08752815385993	0.284632322582653	-3.8208174812758	0.000133010062429477	0.0200524984858958	Down
LOC113714300	42.4794190870064	1.21888043475371	0.319209907010477	3.81842921533668	0.000134304108047125	0.0201728734983698	Up
LOC140027406	29.5900291001868	2.27679413562339	0.597556743828686	3.8101722708967	0.000138869991083321	0.0207819962759066	Up
LOC113734140	8495.09163171215	-0.531815382099385	0.139639360163495	-3.80849197158104	0.000139816885061501	0.0208470560675033	Down
LOC140034421	79.5255440796824	2.49332141800558	0.656568240612577	3.79750536772738	0.000146159612638847	0.02171323734476	Up
LOC113719062	1463.1484356494	0.853923405146623	0.225042628029875	3.79449623665638	0.000147943525693568	0.0218983316849334	Up
LOC113695805	647.628897524489	1.92760677181112	0.50884918971208	3.78816908974898	0.000151761553324473	0.0223820798118575	Up
LOC140034175	21.2062281180778	3.07272514987982	0.811501673034577	3.78646804065048	0.0001528037386212	0.0224544266446785	Up
LOC140003869	78.6745340838523	1.16957274470023	0.309017528905367	3.78481035960389	0.000153825832189547	0.0225233111484731	Up
LOC113726800	68.2525295254396	4.0034558739533	1.0592374356991	3.77956418365349	0.000157103094216345	0.0229207220432843	Up
LOC113735000	891.822461154024	0.449357923223026	0.118962292509565	3.77731391807952	0.00015852886723961	0.0230461340749583	Up
LOC113718768	845.654457968743	0.88577587763703	0.234698990274821	3.77409326132946	0.000160590681192933	0.0232627888895315	Up
LOC113722290	151.711441779568	-0.867134885520788	0.230029846375762	-3.769662498945	0.000163468449325024	0.0235956852119685	Down
LOC113694531	722.638462766483	0.954513083278315	0.253514086819721	3.76512838103978	0.000166463531244726	0.0238587959130866	Up
LOC113707479	891.09149810059	2.27953953249633	0.605389650775936	3.76540882318456	0.000166276793052796	0.0238587959130866	Up
LOC113729916	1960.13749140035	-0.928006785857253	0.246989121588111	-3.757277971962	0.000171771656213693	0.024533211460275	Down
LOC113694736	517.318524415411	-0.854597157398971	0.227590918992695	-3.75497037044083	0.000173361985546998	0.0246737749010159	Down
LOC140008279	125.339477794243	1.57078509606718	0.418742704294308	3.75119394310252	0.000175994494269709	0.0249611703458136	Up
LOC140011832	12.4343054392663	2.66759569550346	0.711669495705038	3.74836312586466	0.00017799242938539	0.0251568813824039	Up
LOC113712906	99.2344331721074	2.04396267165377	0.545550325437427	3.74660700644785	0.000179242562378078	0.0251931956690923	Up
LOC140028229	25.7505881566782	3.79445264832663	1.01286293440931	3.74626469132223	0.000179487206584861	0.0251931956690923	Up
LOC113724860	695.923952827696	0.773307767371789	0.206579573456375	3.74338931208557	0.000181554599496497	0.0253958074656526	Up
LOC113742811	153.917838695748	1.25884653844486	0.336584802679483	3.74005756773163	0.000183978114060582	0.025646675112452	Up
LOC113726523	575.960560821766	1.24043971098587	0.333112757673104	3.72378326081152	0.000196259431394702	0.0272627269070302	Up
LOC113719129	3267.29629107881	-0.432162089763583	0.11610736005572	-3.7220903959593	0.000197580258876647	0.0272627269070302	Down
LOC140034402	17.3920611799073	3.66399930763495	0.984276113856615	3.72253197660012	0.000197234920616002	0.0272627269070302	Up
LOC113700084	376.748855894751	0.807466571261169	0.217696698238915	3.70913558998952	0.000207968041335279	0.0284262100623291	Up
LOC113702304	3105.60067809792	0.798770661689385	0.215362088239061	3.70896599406445	0.000208107372523623	0.0284262100623291	Up
LOC113707331	412.233587502458	3.86559835887012	1.04187648076633	3.71022710487415	0.000207073403911701	0.0284262100623291	Up
LOC140027747	27.6634232586548	3.65229304474621	0.984998167482166	3.70791861885605	0.000208969786020989	0.0284485456186768	Up
LOC113702080	180.343362267	1.27381008207026	0.343806669930879	3.70501852778585	0.000211375281463861	0.0286801027732883	Up
LOC113741837	159.754260300007	2.17658224737466	0.58804817010325	3.70136726552945	0.000214440825659286	0.0289993814234593	Up
LOC113735062	1107.54203560534	0.955034191731924	0.258199828329884	3.6988180740064	0.000216605783177556	0.0291951602789484	Up
LOC113690153	1973.14881783452	0.616678406791439	0.167605589778824	3.67934272123752	0.00023383584785068	0.0314134923655509	Up
LOC113687921	2722.39996454865	1.19959636148568	0.326190942665839	3.67758942563463	0.00023544854241631	0.0315260951284734	Up
LOC113725429	129.359203886444	2.5331724564549	0.688985172700509	3.6766719471277	0.000236296599947692	0.0315359118061337	Up
LOC113731516	666.639108626396	0.822844869088172	0.223978261218412	3.6737711267692	0.000238996825258477	0.031792045007014	Up
LOC140028101	11.3536960104278	4.25231339493264	1.15776777782779	3.67285519287025	0.000239855417206184	0.0318023281999275	Up
LOC113703919	4.84223635591083	6.02357689538643	1.64058059116218	3.67161292034995	0.000241024542229686	0.031853584387855	Up
LOC113738517	530.255701006	0.70859431192199	0.193038087943931	3.67074870803634	0.000241841019032377	0.0318580539796534	Up
LOC140027978	21.9045697112194	3.69281934137284	1.00627166101242	3.66980357735352	0.000242736914835737	0.0318729229625441	Up
LOC140028260	49.1937516662524	4.22287281040278	1.15130009991721	3.66791665414294	0.000244534862939057	0.0320057607586312	Up
LOC113711139	427.99375867802	0.991481357556952	0.2705288865458	3.66497408175706	0.000247363632286052	0.0322722328596274	Up
LOC113700155	2773.75164438252	0.906084350915765	0.247450850086583	3.66167402778664	0.000250572559948981	0.0325864410630136	Up
LOC140028139	8.90539930208571	3.98054938404707	1.09004050219435	3.65174447741517	0.000260464978570998	0.0337650539895939	Up
LOC113741751	67.2787370621237	1.64996009010039	0.452056269295611	3.64989980709998	0.000262342617479278	0.0338079983241161	Up
LOC113706852	6800.22666986084	0.569380001332237	0.156003604774814	3.64978746583529	0.00026245737551703	0.0338079983241161	Up
LOC140027171	39.1371747423664	7.6238085439221	2.09063115574728	3.64665403697048	0.000265677240814403	0.0341148015373826	Up
LOC113689008	235.240439329268	-1.78253382986196	0.489774629151132	-3.63949809517781	0.000273169958174864	0.0349666136714082	Down
LOC140006677	624.043300760508	0.505335713004468	0.139171195620015	3.63103665778806	0.000282285081882684	0.0360201073919581	Up
LOC113733472	1573.92977646346	2.11807894421719	0.583944106878818	3.6271946565885	0.000286517292925296	0.0363385984492577	Up
LOC113687906	661.103561130396	1.61518525393807	0.445402866489319	3.62634678727826	0.000287459248265839	0.0363385984492577	Up
LOC113711152	113.738843957268	1.13405650964819	0.312724944657617	3.62637048633839	0.000287432880010552	0.0363385984492577	Up
LOC113731539	6490.10806328564	0.834502001360882	0.23044428934307	3.62127438149934	0.000293155398643606	0.0369439334420681	Up
LOC113695229	499.386163038354	0.424372628384519	0.117251988584174	3.61932137364021	0.000295376622132597	0.0371089672960103	Up
LOC113724956	238.832071226495	0.936669248274325	0.259019956365648	3.61620494967602	0.000298953712953854	0.0374428027254973	Up
LOC113713809	121.412203143754	0.897998706246705	0.248638741079786	3.61166044497686	0.000304242761013945	0.0379883484266032	Up
LOC140028315	12.4396491306585	4.76260145360106	1.31965685865131	3.60896957597633	0.000307415656297221	0.0382671385002397	Up
LOC113695072	3481.56299650482	-0.448840771847675	0.124416867935702	-3.60755562565386	0.000309095285176148	0.0383589133630949	Down
LOC113708802	1126.54419681154	-0.703281183009675	0.195029920868104	-3.60601686079385	0.000310932942679652	0.0384696821634505	Down
LOC113715745	72.8415529693583	1.51759376485904	0.421290178793754	3.6022528918292	0.000315471235347988	0.0388101008935327	Up
LOC140034391	18.8190010519912	4.34919008952989	1.20738593491699	3.60215401203003	0.00031559128843531	0.0388101008935327	Up
LOC140011779	11.6938036632245	3.58430678411747	0.99551266725709	3.60046326079729	0.000317650712474842	0.0388287454993647	Up
LOC140011840	25.9379920448231	2.37120412075864	0.658507889490066	3.60087427744389	0.0003171489183456	0.0388287454993647	Up
LOC113736400	315.999018632156	0.923078833698445	0.256765482833809	3.59502696199982	0.000324357983406153	0.0395299153130163	Up
LOC113728488	182.934307064959	-1.06791152581088	0.297325383884141	-3.59172671993256	0.000328494221042916	0.0397274938444105	Down
LOC113706979	339.328814418285	0.662148196279984	0.184370526442851	3.59139939042929	0.000328907147170282	0.0397274938444105	Up
LOC140028068	14.8713439818935	2.9619192812189	0.82438431453373	3.59288650815021	0.000327035049838446	0.0397274938444105	Up
LOC113743418	340.471527212615	0.701848180293282	0.195495920157155	3.59009118824106	0.000330562298971215	0.0398092851468146	Up
LOC140037570	210.443847064233	0.816555759948898	0.227569937685237	3.58815302343808	0.000333028819804802	0.0399880180240544	Up
LOC113700760	114.779730737688	1.19209534463379	0.332609894167587	3.5840645919966	0.00033828836933287	0.0401458544422579	Up
LOC113690723	156.045860215677	1.30509125076717	0.36401606350505	3.58525730485808	0.000336746033565865	0.0401458544422579	Up
LOC113711844	16.4256351866396	2.51939015173981	0.702898270981955	3.58428844649198	0.000337998392928016	0.0401458544422579	Up
LOC140027274	5.59727384354128	5.44916060100068	1.52036154495875	3.5841215657349	0.000338214544677535	0.0401458544422579	Up
LOC113701599	40.295980139725	1.66405808665921	0.464802350165517	3.58014129245825	0.000343408468404199	0.0406350049604445	Up
LOC113696267	1177.38377504057	0.957447264096349	0.267668180561725	3.57699320885681	0.000347569199924162	0.0410081283562697	Up
LOC113700177	14.8037908914974	2.02861169862173	0.56726886631156	3.57610265448194	0.000348754748552779	0.0410290810400025	Up
LOC140011622	15.3265748973779	3.74491929084368	1.04818735726964	3.57275754651212	0.000353241787990944	0.0414371959082749	Up
LOC113704334	30.0821422523858	2.4934666523354	0.698590733801823	3.5692810277709	0.000357962274656633	0.0418702712353397	Up
LOC113718824	13.8578899104451	2.06539904594361	0.578956328566	3.56745223091237	0.000360469066177705	0.0420426743231046	Up
LOC113733343	105.712893506608	0.849288416862831	0.238338094251384	3.56337672133542	0.000366114672650195	0.0424578283482228	Up
LOC113698839	70.0257873194183	2.2548961685985	0.632666521756392	3.56411488684199	0.000365086035369296	0.0424578283482228	Up
LOC113734859	28.0411233946553	-2.04381632448784	0.573747154153582	-3.56222477042692	0.000367725337336897	0.0425234655008477	Down
LOC113739508	27.1731209253918	2.10268818673291	0.590844017713846	3.55878730035865	0.00037257109598602	0.0429617746802009	Up
LOC140033997	30.034252125191	4.19296860831685	1.17869667527741	3.55729230111726	0.000374697148753618	0.0430848797740566	Up
LOC140012064	17.8032427807897	2.76822796720202	0.7784769836805	3.5559535159464	0.00037661066813281	0.043182921820693	Up
LOC113708405	488.199599459731	0.664810616294211	0.18703200371581	3.55452865331204	0.000378657249423943	0.0432956273533753	Up
LOC113734067	3330.71151000891	-0.361942331713291	0.101889157980642	-3.55231448455051	0.000381858177956704	0.0435393197023183	Down
LOC140027387	28.5099236340441	3.60276250093123	1.01594917741541	3.54620347259567	0.00039082431298332	0.0444371610614135	Up
LOC113732875	104.981046020862	-2.5231909773488	0.711874689406045	-3.54443136537701	0.000393460930882281	0.0446123320099255	Down
LOC113702314	893.11169463522	1.53157481577671	0.432282915713369	3.54299177715419	0.000395615037748723	0.044731972532116	Up
LOC140028064	14.1063679951504	4.32712900611127	1.22282157937666	3.53864298691641	0.000402189395227738	0.0453493610325348	Up
LOC113697156	1997.50758547505	-0.49329495352752	0.139710927759764	-3.53082583758768	0.000414264422547741	0.0465818599994635	Down
LOC113739689	325.804291509379	-1.15661420473836	0.32830840228848	-3.52295036214778	0.000426771281492425	0.0477345078798451	Down
LOC113719666	21.6127088548568	1.86294355340874	0.52881042679842	3.5228948957901	0.000426860603568692	0.0477345078798451	Up
LOC113730534	18.3181775428483	3.58275378946049	1.01803821591072	3.51927239416588	0.000432732161384102	0.0481816822910362	Up
LOC140005187	887.540471953543	-1.11802611448055	0.317844694595647	-3.51752328571307	0.000435594130526994	0.0481816822910362	Down
LOC140011408	3585.30389082101	-0.621202015721762	0.176586558139122	-3.5178329668352	0.000435086132582389	0.0481816822910362	Down
LOC140026317	10.3182217288029	4.33380336640474	1.23196091856189	3.51780912941925	0.000435125215594821	0.0481816822910362	Up
LOC140037097	86.7334242511236	-1.19455190509576	0.33969007353365	-3.51659350145073	0.000437122668596096	0.0482197241875449	Down
LOC113690256	1939.59977845285	-0.624095664898424	0.1775117563481	-3.51579905318819	0.000438432683717512	0.0482335199749225	Down
LOC113728189	1087.56316471821	-0.932612756795251	0.265843322420331	-3.50812933085705	0.000451269609897659	0.0492464597074644	Down
LOC140012065	15.5250243888569	4.40909457328822	1.25678119937882	3.5082435792861	0.000451075843536327	0.0492464597074644	Up
LOC113706518	19.6581081539393	-1.86154500627084	0.530457814151469	-3.50931771878713	0.000449257886204778	0.0492464597074644	Down
LOC113694998	628.868176215046	0.783089214857802	0.22397523277868	3.49632057590764	0.000471721611802363	0.0512038085557738	Up
LOC140027897	9.90094179774527	5.73524730897957	1.6400597705358	3.49697456886335	0.000470566689229777	0.0512038085557738	Up
LOC113728125	285.681315119862	0.955034479491537	0.274139403070166	3.48375486630464	0.000494432114181187	0.0533470288537654	Up
LOC113742317	1826.20424991571	-0.763624599443195	0.219228722757361	-3.48323244253156	0.00049539803234795	0.0533470288537654	Down
LOC113711023	634.294782381713	1.49495529768984	0.42905932652679	3.48426244405736	0.000493495327309918	0.0533470288537654	Up
LOC140028056	23.3879940972147	4.56539219762996	1.31136251204096	3.48141124647869	0.000498779048181452	0.05356939619057	Up
LOC113713628	873.92185201864	0.734756096120417	0.211182271290667	3.47925084634172	0.000502817685930505	0.0538610365942137	Up
LOC140034536	7.6998001751931	4.28826758149472	1.2337429927468	3.47581919954604	0.000509295510328406	0.054411742120519	Up
LOC113706977	70.3776751932997	1.04871383462156	0.301929091293847	3.47337790514833	0.00051395114161175	0.054740932949788	Up
LOC140034537	19.9600383616167	3.50355781354232	1.00885789219402	3.47279615954923	0.000515066387907353	0.054740932949788	Up
LOC113734224	1332.91534152082	1.15961980313567	0.334003786944422	3.47187621357307	0.000516834592518418	0.0547858127303703	Up
LOC113741987	915.988601029588	-0.573099368540721	0.16514218148038	-3.47033909448999	0.000519801679865088	0.0549572139711907	Down
LOC113736941	128.613571554692	1.0333034496179	0.298115670284129	3.46611584903632	0.000528035706200256	0.055683143577413	Up
LOC113712067	50.8954316646417	1.65759639340099	0.478789267492292	3.46205837504007	0.000536060871954333	0.0563833534700288	Up
LOC113695329	68.9019876941608	1.744708475984	0.504394463866897	3.45901591109533	0.000542152876586553	0.0567149062379862	Up
LOC140012583	935.744107721572	0.647503210371923	0.187198600200407	3.45891053500792	0.00054236502506042	0.0567149062379862	Up
LOC113717964	939.82770356282	-0.414126793383957	0.119745182355417	-3.45840045702033	0.00054339303360311	0.0567149062379862	Down
LOC113728100	401.069935223996	-1.07144525562273	0.309871921081297	-3.4577035953562	0.000544800419315822	0.0567163710185435	Down
LOC113742717	350.122933129794	-0.558888086709357	0.161711047945837	-3.45609093385227	0.000548070392178661	0.0569112380449805	Down
LOC140034214	14.7108715702543	4.86347155566492	1.40980709651041	3.44974256953529	0.000561121361555026	0.0581181807178049	Up
LOC140028258	22.0265577364744	3.49724636027965	1.01714753547803	3.43828819153167	0.000585404308833436	0.0604793969316371	Up
LOC113687568	141.024727050153	1.1984606983749	0.348838482422405	3.43557479683018	0.000591298213466257	0.0608965179480613	Up
LOC140014046	410.518585362146	0.626431429086266	0.182364315691441	3.43505486098598	0.000592433880541267	0.0608965179480613	Up
LOC113698999	177.24577830574	1.36923706652293	0.398713595764246	3.434136886901	0.000594443918844324	0.0609492184296176	Up
LOC113719468	855.72198678651	0.428135825514095	0.124710705931715	3.43303185011654	0.000596871978131445	0.0610444067081419	Up
LOC113738162	15.0498985887783	-2.50642204473274	0.730343964385559	-3.43183782841473	0.000599505935174162	0.06116012303575	Down
LOC140035048	337.211090314985	1.12891850184166	0.329172266250136	3.42956748666002	0.000604544071565175	0.0615199160826512	Up
LOC113717922	554.880784779418	-3.6459023197382	1.06362870032572	-3.42779610838038	0.000608502289196599	0.0617682934706922	Down
LOC113731180	40.4411572510519	1.70550669326542	0.497861647512297	3.42566394054945	0.000613298690240054	0.061946211380202	Up
LOC113693875	651.682478163471	0.915575511456198	0.267236110583756	3.4260920406909	0.0006123328473816	0.061946211380202	Up
LOC113733796	632.174031367061	0.539414304802111	0.157729444937806	3.41987068435324	0.000626509103334241	0.0629937217767968	Up
LOC113698665	31.8940827295407	2.83615021087585	0.82934195514391	3.41975971827413	0.000626764705063327	0.0629937217767968	Up
LOC113711157	543.486726757591	0.567884772267515	0.166151629576784	3.41787061441415	0.00063113102054081	0.0632763255938761	Up
LOC140035021	34.6148087030341	1.96919373524992	0.57664294095338	3.41492732399393	0.000637990317593755	0.0637318208288234	Up
LOC140009477	4257.4244340247	-0.628105442583681	0.183948112395891	-3.41457943983616	0.000638805623342585	0.0637318208288234	Down
LOC113724977	1162.0346755036	0.458853856819134	0.134408015130466	3.41388760464722	0.000640429897995454	0.0637376503616258	Up
LOC140017005	622.056226134287	1.05343285982229	0.308842783405937	3.41090326995815	0.00064748057332335	0.0642821871637243	Up
LOC113689776	184.558344657387	1.58016286496014	0.463411908681484	3.40984518385829	0.000649997654453248	0.0643750718358138	Up
LOC113687605	298.236151360465	0.746101686329593	0.218852858627503	3.40914754784853	0.000651662235751316	0.0643832798695566	Up
LOC113727177	689.722414475645	0.948208421397446	0.278564683352035	3.40390752333508	0.000664292392027142	0.0653208882501995	Up
LOC140015373	1417.69851966091	1.40000473767316	0.411296860732476	3.40387897729126	0.000664361816375939	0.0653208882501995	Up
LOC113694482	24.9193436409246	-1.63578858491212	0.480890170180899	-3.40158457449187	0.000669963947419712	0.0657129698306491	Down
LOC113696301	53.4941348416005	-3.17902299184337	0.934991983206877	-3.4000537426426	0.00067372609802488	0.0659231269714008	Down
LOC113716564	66.5341207552689	1.06534932170023	0.313736339117328	3.39568353700278	0.000684574597103322	0.0668240023383471	Up
LOC113743420	383.06586295116	0.471949953522216	0.139070486854958	3.39360251190054	0.000689797356088342	0.0670124137937374	Up
LOC140009110	16.0497616600531	3.9781959690059	1.17207126297881	3.39415878083672	0.000688397670351775	0.0670124137937374	Up
LOC140028304	17.3043139232684	4.19540050638149	1.2369806594933	3.39164600043143	0.000694741377028333	0.067332018456996	Up
LOC140037501	4660.26788839352	-0.672931477368069	0.198498123063426	-3.39011506498249	0.00069863293082359	0.0673699606175384	Down
LOC113702471	24.8299464337211	2.61840972848105	0.77245617787303	3.3897194475043	0.0006996418574241	0.0673699606175384	Up
LOC113717264	1900.51252481537	0.441886180462868	0.130367568075591	3.38954071925811	0.000700098104439718	0.0673699606175384	Up
LOC113715607	966.118893266386	0.679477201160408	0.200522501535258	3.38853343618863	0.000702674612168578	0.0674584200196273	Up
LOC113721630	653.901315414126	0.548247787269878	0.161873110771177	3.38689844568984	0.000706875485493592	0.0674738280076289	Up
LOC140013807	89.5787446784982	-0.886577699605552	0.261708425928832	-3.38765439614331	0.000704930287132163	0.0674738280076289	Down
LOC113722725	44.9089782018356	2.1659534901605	0.639577733860026	3.38653673430496	0.000707807998016399	0.0674738280076289	Up
LOC140003730	799.944015301647	-0.363896667846989	0.107490886558873	-3.38537228128342	0.000710817793168007	0.0675258871135201	Down
LOC140009362	248.253870177508	0.861824796629145	0.254597912698979	3.38504266391263	0.000711671921673016	0.0675258871135201	Up
LOC140007716	1126.40236889972	1.25010325697307	0.369500910704758	3.38322104426947	0.000716409457760259	0.0676599697868477	Up
LOC113690296	2046.16947143525	-1.75772126456566	0.519464524847147	-3.38371761783515	0.000715115108536843	0.0676599697868477	Down
LOC140012433	8.67117934663534	3.46210234487445	1.02357591121725	3.38236012291192	0.000718658661062041	0.0677152796262277	Up
LOC140035491	153.961286010071	-0.893669695630026	0.264543850945585	-3.37815334749114	0.00072974374302679	0.0684429010596901	Down
LOC113712959	657.362264650814	0.894051061211613	0.264656230285601	3.37815988781676	0.00072972638630572	0.0684429010596901	Up
LOC113743188	1291.33075819436	1.3068364722895	0.386943513171129	3.37733138767348	0.000731928115740393	0.0684899631062361	Up
LOC113719193	1242.15022631264	0.470984207565194	0.139584098261907	3.37419672749162	0.000740314399366976	0.0691158202436531	Up
LOC113703440	180.632652403957	0.932633457541466	0.27662999261204	3.3714112079287	0.000747841413186746	0.0696587751115938	Up
LOC140036793	783.613318310906	1.41127479314293	0.41897956136616	3.36836190419698	0.000756162671792248	0.0702730629116517	Up
LOC140034532	6.0541271260596	4.17831637184015	1.24134341140911	3.36596330510759	0.000762768545807968	0.0707254980799848	Up
LOC140038885	1423.34241322863	1.1812165065625	0.35130842092027	3.36233473558147	0.000772863732768313	0.0713434053289486	Up
LOC140028215	24.9806620570902	2.97763186054267	0.885591588522573	3.36230820068	0.000772938011302453	0.0713434053289486	Up
LOC113690255	39.6951808187142	2.06048176610459	0.613165777291978	3.36039916514034	0.000778299353538254	0.0716757357144223	Up
LOC140027212	17.0526846039112	3.110821837665	0.926139688360487	3.35891213470398	0.000782499430992935	0.0718998630667436	Up
LOC113738865	198.753989951965	-1.1131534787225	0.331493365742857	-3.35799624896862	0.000785096785269865	0.0719760464964186	Down
LOC140008468	1555.70170069739	0.725603385491194	0.216270776055719	3.35506904226511	0.000793451788226179	0.0724158184747682	Up
LOC140009319	474.123973563117	1.26666219794589	0.377514150026416	3.35527078351172	0.00079287332944642	0.0724158184747682	Up
LOC113713223	169.821017029513	1.47935661909811	0.44141275806026	3.35141337010507	0.000804001898527911	0.0730511099990594	Up
LOC140033741	9.6166449891913	3.42849355837023	1.02289151514769	3.3517665437622	0.00080297700271312	0.0730511099990594	Up
LOC113687767	182.591108789274	2.28478309289775	0.68198330910515	3.35020382814893	0.000807521145910969	0.0732074571142673	Up
LOC140027840	7.4802341401763	2.92479998137992	0.873989702349986	3.34649249701193	0.00081840894363402	0.0740296356680506	Up
LOC140028053	15.0832950265514	4.20372245130807	1.25645308181117	3.34570587008982	0.000820734067056334	0.0740753441231222	Up
LOC113718216	2429.58876154388	0.675684130499857	0.202036018859258	3.34437460367178	0.000824683011322438	0.0741031390196023	Up
LOC140028284	10.9201133466648	3.26154372151434	0.975123091228997	3.34475078156918	0.000823565369368171	0.0741031390196023	Up
LOC140038839	22.3903714246711	-2.39070363893199	0.714989799583695	-3.34368915517954	0.000826723129218965	0.0741228303410969	Down
LOC140014070	16.181737755725	1.92963652108918	0.577491067318467	3.34141362575405	0.000833529465347669	0.0745688283230261	Up
LOC140019608	830.698727505413	0.631934692287591	0.189385457302673	3.33676461375618	0.000847597001118463	0.0756610437072962	Up
LOC113736488	474.863865901761	0.759657742222773	0.228145147546022	3.32971246767163	0.000869357084897534	0.0774336545749543	Up
LOC113703842	460.120738930201	-0.925784767725944	0.278214449398583	-3.32759412649924	0.000875993903625619	0.0778030150591465	Down
LOC113726401	1176.04949343782	1.00040617573995	0.300677759490166	3.32717051449449	0.000877326714461325	0.0778030150591465	Up
LOC113703209	1032.25030278582	-0.842441097823842	0.253396767438115	-3.32459291545455	0.000885477224295822	0.0783551095977422	Down
LOC113700431	2510.96563006047	-0.460547761435641	0.138615226580894	-3.3224904131789	0.000892177370680843	0.0787767459296393	Down
LOC140034374	18.7785782993633	4.04263811809882	1.21697585068879	3.32187209451259	0.0008941567209251	0.0787806262451433	Up
LOC113697351	332.438234540701	-1.04354109332854	0.314208416120332	-3.32117486289387	0.0008963935681922	0.0788071278472214	Down
LOC113687968	1326.28831787821	-0.742408708988832	0.22359782609702	-3.32028589878462	0.000899253050819909	0.0788881367103974	Down
LOC113730444	508.224506754591	-0.648413048171466	0.195419418038749	-3.31805843390084	0.000906455190629406	0.0793489430850967	Down
LOC113725412	262.434768511681	0.766920549138212	0.231311051922105	3.31553785591046	0.000914669517781291	0.0798961860971834	Up
LOC113687834	15.578777846639	-2.65469376920997	0.800977465765795	-3.31431767143646	0.000918670714765147	0.0800738574829021	Down
LOC113736003	239.374658304718	1.28013779947904	0.386943774868765	3.30833026041886	0.000938540588629703	0.0816309714960942	Up
LOC113736487	68.4961958525639	0.978961460620684	0.296421419897656	3.30260026741214	0.000957928340316028	0.0829453205064059	Up
LOC113687883	2165.40462145255	0.913057858871409	0.276580800837307	3.30123369412216	0.000962606679544585	0.0829453205064059	Up
LOC140008432	32.2247344116393	1.66613518273476	0.504725172489019	3.30107407664714	0.000963154493439251	0.0829453205064059	Up
LOC140012059	12.3178293335595	3.79755822710579	1.15048768425235	3.30082475378572	0.00096401075776463	0.0829453205064059	Up
LOC113713840	301.304901265259	1.93758269463339	0.58708031206868	3.30037075814377	0.000965571752950876	0.0829453205064059	Up
LOC140027857	9.14097278528787	4.42737814862065	1.34151524901926	3.30028164186533	0.000965878440487321	0.0829453205064059	Up
LOC113705050	1069.30702225992	2.10908118848683	0.639626020520621	3.29736614962936	0.000975961800557717	0.0836347896667408	Up
LOC113732511	41.8284624086107	-2.58105575416629	0.783378397062643	-3.29477525017823	0.00098500425593243	0.0842323492389277	Down
LOC140038818	2599.44171009534	0.629341975013319	0.191083335091094	3.29354715686377	0.000989317448409448	0.0844238296383786	Up
LOC113719317	14.6044846895992	1.72441341633979	0.524200620722596	3.28960582679725	0.00100327820981251	0.085436065963218	Up
LOC113740395	295.23882144909	0.534379094011818	0.162648714671272	3.28547996885094	0.00101808781123986	0.0856224470176002	Up
LOC113691967	46.4714536922485	-1.44620515732674	0.440116918799844	-3.2859567436544	0.00101636616585772	0.0856224470176002	Down
LOC113705572	363.96396053484	-0.544353388565931	0.16554971444269	-3.28815661445538	0.00100845722613981	0.0856224470176002	Down
LOC113709277	521.279478514089	-0.552938322415511	0.1682601721688	-3.2862103686712	0.00101545141819577	0.0856224470176002	Down
LOC140016091	232.392773922731	1.11259289986503	0.338444663776384	3.28737019355145	0.0010112779878263	0.0856224470176002	Up
LOC140028262	17.5677306673559	3.35268887776703	1.02038762286471	3.285701240039	0.00101728846021396	0.0856224470176002	Up
LOC113689851	155.067531452675	-0.886212649786005	0.270210859095577	-3.27970775398239	0.00103914668723909	0.087197553481105	Down
LOC113718474	15.7843807250451	1.90608379964802	0.58126884926463	3.27917761644966	0.0010411008719277	0.087197553481105	Up
LOC140028020	38.7696514110633	2.90899207776621	0.887653902694548	3.27716925361981	0.00104853495247592	0.08763986702368	Up
LOC113727103	413.689793657853	0.453617894148868	0.138532381884675	3.27445387120026	0.00105866422009556	0.0883051784405529	Up
LOC113729489	6789.33418202551	1.56006482499646	0.477035280698876	3.27033426691397	0.00107420467211004	0.0893078457322385	Up
LOC140028037	23.5261743720233	3.43019796582197	1.04895628875035	3.2701057256718	0.00107507294948524	0.0893078457322385	Up
LOC113737834	214.089903861389	0.722969901151362	0.221210015543356	3.26825121084838	0.00108214269509089	0.089712053775305	Up
LOC113702701	1571.41133420619	1.21110429714401	0.370643660380713	3.26757051746145	0.00108474839180351	0.0897452912365079	Up
LOC140006391	158.862051634183	1.71263853825472	0.524270372825907	3.26670860499576	0.00108805612198413	0.0898363579013473	Up
LOC113738129	186.496702122301	-0.887885743874381	0.272227627610318	-3.26155633676297	0.00110802412738245	0.0911153981921268	Down
LOC113695557	107.646744163232	1.27462419720197	0.39078111283621	3.26173439640162	0.00110732842828668	0.0911153981921268	Up
LOC140035414	354.865999169537	0.785686832078535	0.241046321233327	3.25948484946182	0.00111614741727659	0.0913227269811902	Up
LOC113731277	45.5535062396443	-2.41833609169987	0.741855673469617	-3.25984713494129	0.00111472276177961	0.0913227269811902	Down
LOC113696221	2330.01380565896	-0.53991231768403	0.165744687733425	-3.25749395089149	0.00112400654016893	0.0913227269811902	Down
LOC113698648	3.11470988268698	5.38148270348077	1.65175129450203	3.25804660870763	0.00112181979502115	0.0913227269811902	Up
LOC113705236	215.814382997605	1.08757876092938	0.333847291513516	3.25771329759418	0.00112313816238527	0.0913227269811902	Up
LOC113719150	47976.6278555403	-1.51860185167125	0.466134720386516	-3.25786041085296	0.00112255609914664	0.0913227269811902	Down
LOC113730311	440.910999678055	0.467252355232228	0.143464911119978	3.25691035936635	0.00112631996060791	0.091328394415428	Up
LOC113689731	2315.3431014351	0.974730936266076	0.299373584702393	3.25590160947251	0.00113032913848142	0.0914712675584215	Up
LOC140016612	126.070033371554	0.966243562668351	0.29702216085935	3.25310259636115	0.00114152273620821	0.0921938154312599	Up
LOC113732964	2011.96429669401	-0.689988998625636	0.212187479027385	-3.25178941654981	0.00114680953878341	0.0924373906458982	Down
LOC113742311	2668.78517103169	-0.301527208495427	0.0928113002589277	-3.24881999987305	0.0011588478313996	0.0929057370294305	Down
LOC113741459	154.925517060482	-1.19725084265701	0.368535919527337	-3.2486679838224	0.00115946724999265	0.0929057370294305	Down
LOC113698685	29.2342139543226	1.83431514800499	0.564499407398464	3.24945451485692	0.00115626567916359	0.0929057370294305	Up
LOC140027860	17.3304329118753	3.97424040787538	1.22407648306352	3.24672556238395	0.00116740899973211	0.0933583169628594	Up
LOC113726633	914.323876705603	0.712672801754909	0.219580099752197	3.24561653154899	0.00117196587752426	0.0935389628325978	Up
LOC113728052	1119.21669346482	0.504258120453893	0.155479541711482	3.24324419086357	0.00118176878550749	0.0941367875030962	Up
LOC113739930	97.6161767879058	-3.32439536584814	1.02531257096557	-3.24232381420764	0.00118559229201142	0.0942569028248535	Down
LOC113732794	784.0802342675	-0.940387236730772	0.29015453326444	-3.24098757358971	0.00119116376225677	0.0945152455022645	Down
LOC113706671	134.915521611892	1.23577166530476	0.381539467559116	3.23890913097552	0.00119987794451612	0.0950214625127017	Up
LOC113742794	398.606440761797	-1.21568070233698	0.375510334644223	-3.23740944037873	0.00120620215911978	0.0953368133727582	Down
LOC140034292	10.9679630895565	3.40032443759183	1.05177267249289	3.2329461741314	0.00122520645213619	0.0966512182833402	Up
LOC113717660	168.613039484957	1.36247253943522	0.421573898994118	3.23187119194547	0.00122982479301933	0.0968278882008743	Up
LOC140038625	4.70476992975435	-5.37206409760271	1.66272725851412	-3.23087509998689	0.00123411855133931	0.0968724253526597	Down
LOC140004026	2232.41479513381	0.782254673979508	0.242136413247136	3.23063624958012	0.00123515019673333	0.0968724253526597	Up
LOC140027394	16.6088131543103	3.78881351746333	1.17321297018012	3.22943371217728	0.00124035631921135	0.0970936614874961	Up
LOC113689871	73.6520611016595	-3.362037326325	1.04225807677677	-3.22572441628109	0.00125654282777269	0.0979838616944203	Down
LOC113712075	773.398649309516	0.602773278374749	0.186834378608617	3.226243921829	0.00125426414096968	0.0979838616944203	Up
LOC113702361	1779.52986478892	0.798568540157796	0.24766920215885	3.22433525523941	0.00126265483943064	0.098272208870027	Up
LOC113699374	2745.52315783253	1.09274396090541	0.339154368478511	3.22196634472851	0.0012731408886852	0.0988992364006318	Up
LOC140026334	7.93404590615383	4.09167653883016	1.27027303576476	3.22110004985408	0.00127699560040067	0.0990097255510649	Up
LOC113690338	1565.43223989316	-0.529209294103559	0.164380256222766	-3.21942127518272	0.00128449625145776	0.0994019390030192	Down
LOC113727217	36.4897750600309	1.46697523207597	0.455961056191078	3.21732571709198	0.00129391612409403	0.0997516208925138	Up
LOC113718785	2495.83791986818	-0.96225460955282	0.299047220001134	-3.21773467597917	0.00129207279530722	0.0997516208925138	Down
LOC140027533	16.2781500510588	3.93141057493313	1.22222701839601	3.21659602983782	0.00129721112435594	0.0998165951170293	Up
